Player: ronaldo
Game 1:
59 | 46 | 38 | 36 | 51 | 33 |  
Game 2:
12 | 45 | 38 | 29 | 47 | 59 |  
Game 3:
57 | 10 | 22 | 11 | 5 | 58 |  
Game 4:
23 | 41 | 30 | 18 | 9 | 3 |  
Game 5:
41 | 32 | 45 | 27 | 35 | 49 |  
Game 6:
48 | 58 | 16 | 36 | 59 | 8 |  
Game 7:
56 | 34 | 6 | 3 | 18 | 17 |  
Game 8:
27 | 6 | 37 | 34 | 18 | 9 |  
Game 9:
8 | 27 | 33 | 7 | 31 | 3 |  
Game 10:
55 | 47 | 35 | 15 | 43 | 50 |  
Game 11:
1 | 28 | 7 | 9 | 2 | 23 |  
Game 12:
5 | 30 | 33 | 3 | 49 | 47 |  
Game 13:
49 | 52 | 56 | 34 | 43 | 54 |  
Game 14:
3 | 2 | 50 | 1 | 41 | 29 |  
Game 15:
24 | 26 | 48 | 20 | 53 | 13 |  
Game 16:
31 | 52 | 54 | 48 | 3 | 24 |  
Game 17:
27 | 13 | 9 | 14 | 35 | 40 |  
